"cG": 1.0405748140851329e-05
"cuG_33": -9.285729806397598e-06
"cqu1_1133": -1.333090808305593e-08
"cuu_3333": -5.279000846324838e-06
"cqq1_3333": -2.8941411295712483e-06
"cqd1_3311": 1.30241571066879e-07
"cqu8_3311": -6.867793770625233e-05
"cqu8_1133": -4.901769057176409e-05
